255 255 255 255 255 255 255 255 255 255 255 255 255 255 255 255
255 255 255 255 255 255 255 255 255 255 255 255 255 255 255 255
255 255   0   0   0   0   0   0   0   0   0   0   0   0 255 255
255 255   0   0   0   0   0   0   0   0   0   0   0   0 255 255
255 255   0   0   0   0   0   0   0   0   0   0   0   0 255 255
255 255   0   0   0 240 240  27  34 240 240   0   0   0 255 255
255 255   0   0   0 240  27  27  34  27 240   0   0   0 255 255
255 255   0   0   0 240 156  58 200  27 240   0   0   0 255 255
255 255   0   0   0 240  44  57  28 109 240   0   0   0 255 255
255 255   0   0   0 240 156  58 200  27 240   0   0   0 255 255
255 255   0   0   0 240 162  58 200 176 240   0   0   0 255 255
255 255   0   0   0   0   0   0   0   0   0   0   0   0 255 255
255 255   0   0   0   0   0   0   0   0   0   0   0   0 255 255
255 255   0   0   0   0   0   0   0   0   0   0   0   0 255 255
255 255 255 255 255 255 255 255 255 255 255 255 255 255 255 255
255 255 255 255 255 255 255 255 255 255 255 255 255 255 255 255
255 255 255 255 255 255 255 255 255 255 255 255 255 255 255 255
255 255 255 255 255 255 255 255 255 255 255 255 255 255 255 255
255 255   0   0   0   0   0   0   0   0   0   0   0   0 255 255
255 255   0   0   0   0   0   0   0   0   0   0   0   0 255 255
255 255   0   0   0   0   0   0   0   0   0   0   0   0 255 255
255 255   0   0   0 240 240 196 143 240 240   0   0   0 255 255
255 255   0   0   0 240  29 196 143  29 240   0   0   0 255 255
255 255   0   0   0 240 156  26 165 122 240   0   0   0 255 255
255 255   0   0   0 240  27  26 219  93 240   0   0   0 255 255
255 255   0   0   0 240 156  26 165 122 240   0   0   0 255 255
255 255   0   0   0 240 163  26 165 177 240   0   0   0 255 255
255 255   0   0   0   0   0   0   0   0   0   0   0   0 255 255
255 255   0   0   0   0   0   0   0   0   0   0   0   0 255 255
255 255   0   0   0   0   0   0   0   0   0   0   0   0 255 255
255 255 255 255 255 255 255 255 255 255 255 255 255 255 255 255
255 255 255 255 255 255 255 255 255 255 255 255 255 255 255 255
255 255 255 255 255 255 255 255 255 255 255 255 255 255 255 255
255 255 255 255 255 255 255 255 255 255 255 255 255 255 255 255
255 255   0   0   0   0   0   0   0   0   0   0   0   0 255 255
255 255   0   0   0   0   0   0   0   0   0   0   0   0 255 255
255 255   0   0   0   0   0   0   0   0   0   0   0   0 255 255
255 255   0   0   0 240 240 156 243 240 240   0   0   0 255 255
255 255   0   0   0 240  29 156 243  29 240   0   0   0 255 255
255 255   0   0   0 240 156 229   0 133 240   0   0   0 255 255
255 255   0   0   0 240 142 225 248  15 240   0   0   0 255 255
255 255   0   0   0 240 156 229   0 133 240   0   0   0 255 255
255 255   0   0   0 240 163 229   0 177 240   0   0   0 255 255
255 255   0   0   0   0   0   0   0   0   0   0   0   0 255 255
255 255   0   0   0   0   0   0   0   0   0   0   0   0 255 255
255 255   0   0   0   0   0   0   0   0   0   0   0   0 255 255
255 255 255 255 255 255 255 255 255 255 255 255 255 255 255 255
255 255 255 255 255 255 255 255 255 255 255 255 255 255 255 255

255 255 255 255 255 255 255 255 255 255 255 255 255 255 255 255
255 214 153 153 153 153 153 153 153 153 153 153 153 153 214 255
255 153   0   0   0   0   0   0   0   0   0   0   0   0 153 255
255 153   0   0   0   0   0   0   0   0   0   0   0   0 153 255
255 153   0   0   9  48  48  48  48  48  48   9   0   0 153 255
255 153   0   0  48 235 208 212 193 199 234  48   0   0 153 255
255 153   0   0  48 150 113 120 137  77 204  48   0   0 153 255
255 153   0   0  38  48  41 130  88 142 171  39   0   0 153 255
255 153   0   0  37  46  39  86  63  80  90  34   0   0 153 255
255 153   0   0  48 147  80 143  90 218 225  48   0   0 153 255
255 153   0   0  48 234 179 178 201 226 235  48   0   0 153 255
255 153   0   0   9  48  48  48  48  48  48   9   0   0 153 255
255 153   0   0   0   0   0   0   0   0   0   0   0   0 153 255
255 153   0   0   0   0   0   0   0   0   0   0   0   0 153 255
255 214 153 153 153 153 153 153 153 153 153 153 153 153 214 255
255 255 255 255 255 255 255 255 255 255 255 255 255 255 255 255
255 255 255 255 255 255 255 255 255 255 255 255 255 255 255 255
255 214 153 153 153 153 153 153 153 153 153 153 153 153 214 255
255 153   0   0   0   0   0   0   0   0   0   0   0   0 153 255
255 153   0   0   0   0   0   0   0   0   0   0   0   0 153 255
255 153   0   0   9  48  48  48  48  48  48   9   0   0 153 255
255 153   0   0  48 236 203 204 211 209 233  48   0   0 153 255
255 153   0   0  48 186 136 159 154 177 190  48   0   0 153 255
255 153   0   0  42 145 122 149 169 148 145  38   0   0 153 255
255 153   0   0  42 166 146  72  40  59  71  33   0   0 153 255
255 153   0   0  48 204 133 131  70 219 226  48   0   0 153 255
255 153   0   0  48 236 175 171 197 226 235  48   0   0 153 255
255 153   0   0   9  48  48  48  48  48  48   9   0   0 153 255
255 153   0   0   0   0   0   0   0   0   0   0   0   0 153 255
255 153   0   0   0   0   0   0   0   0   0   0   0   0 153 255
255 214 153 153 153 153 153 153 153 153 153 153 153 153 214 255
255 255 255 255 255 255 255 255 255 255 255 255 255 255 255 255
255 255 255 255 255 255 255 255 255 255 255 255 255 255 255 255
255 214 153 153 153 153 153 153 153 153 153 153 153 153 214 255
255 153   0   0   0   0   0   0   0   0   0   0   0   0 153 255
255 153   0   0   0   0   0   0   0   0   0   0   0   0 153 255
255 153   0   0   9  48  48  48  48  48  48   9   0   0 153 255
255 153   0   0  48 237 172 165 194 184 229  48   0   0 153 255
255 153   0   0  48 220  91  78  53 145 125  48   0   0 153 255
255 153   0   0  41 188 189  58 125  43  18  33   0   0 153 255
255 153   0   0  41 153 168 196 195 195 197  40   0   0 153 255
255 153   0   0  48 190 177 207 201 220 226  48   0   0 153 255
255 153   0   0  48 236 216 219 223 226 235  48   0   0 153 255
255 153   0   0   9  48  48  48  48  48  48   9   0   0 153 255
255 153   0   0   0   0   0   0   0   0   0   0   0   0 153 255
255 153   0   0   0   0   0   0   0   0   0   0   0   0 153 255
255 214 153 153 153 153 153 153 153 153 153 153 153 153 214 255
255 255 255 255 255 255 255 255 255 255 255 255 255 255 255 255

255 255 255 255 255 255 255 255 255 255 255 255 255 255 255 255
255 214 153 153 153 153 153 153 153 153 153 153 153 153 214 255
255 153   0   0   0   0   0   0   0   0   0   0   0   0 153 255
255 153   0   0   0   0   0   0   0   0   0   0   0   0 153 255
255 153   0   0   9  48  48  39  34  48  48   9   0   0 153 255
255 153   0   0  48 234 204 171  90 225 235  48   0   0 153 255
255 153   0   0  48 199  77 142  80 218 226  48   0   0 153 255
255 153   0   0  48 193 137  88  63  90 201  48   0   0 153 255
255 153   0   0  48 212 120 130  86 143 178  48   0   0 153 255
255 153   0   0  48 208 113  41  39  80 179  48   0   0 153 255
255 153   0   0  48 235 150  48  46 147 234  48   0   0 153 255
255 153   0   0   9  48  48  38  37  48  48   9   0   0 153 255
255 153   0   0   0   0   0   0   0   0   0   0   0   0 153 255
255 153   0   0   0   0   0   0   0   0   0   0   0   0 153 255
255 214 153 153 153 153 153 153 153 153 153 153 153 153 214 255
255 255 255 255 255 255 255 255 255 255 255 255 255 255 255 255
255 255 255 255 255 255 255 255 255 255 255 255 255 255 255 255
255 214 153 153 153 153 153 153 153 153 153 153 153 153 214 255
255 153   0   0   0   0   0   0   0   0   0   0   0   0 153 255
255 153   0   0   0   0   0   0   0   0   0   0   0   0 153 255
255 153   0   0   9  48  48  38  33  48  48   9   0   0 153 255
255 153   0   0  48 233 190 145  71 226 235  48   0   0 153 255
255 153   0   0  48 209 177 148  59 219 226  48   0   0 153 255
255 153   0   0  48 211 154 169  40  70 197  48   0   0 153 255
255 153   0   0  48 204 159 149  72 131 171  48   0   0 153 255
255 153   0   0  48 203 136 122 146 133 175  48   0   0 153 255
255 153   0   0  48 236 186 145 166 204 236  48   0   0 153 255
255 153   0   0   9  48  48  42  42  48  48   9   0   0 153 255
255 153   0   0   0   0   0   0   0   0   0   0   0   0 153 255
255 153   0   0   0   0   0   0   0   0   0   0   0   0 153 255
255 214 153 153 153 153 153 153 153 153 153 153 153 153 214 255
255 255 255 255 255 255 255 255 255 255 255 255 255 255 255 255
255 255 255 255 255 255 255 255 255 255 255 255 255 255 255 255
255 214 153 153 153 153 153 153 153 153 153 153 153 153 214 255
255 153   0   0   0   0   0   0   0   0   0   0   0   0 153 255
255 153   0   0   0   0   0   0   0   0   0   0   0   0 153 255
255 153   0   0   9  48  48  33  40  48  48   9   0   0 153 255
255 153   0   0  48 229 125  18 197 226 235  48   0   0 153 255
255 153   0   0  48 184 145  43 195 220 226  48   0   0 153 255
255 153   0   0  48 194  53 125 195 201 223  48   0   0 153 255
255 153   0   0  48 165  78  58 196 207 219  48   0   0 153 255
255 153   0   0  48 172  91 189 168 177 216  48   0   0 153 255
255 153   0   0  48 237 220 188 153 190 236  48   0   0 153 255
255 153   0   0   9  48  48  41  41  48  48   9   0   0 153 255
255 153   0   0   0   0   0   0   0   0   0   0   0   0 153 255
255 153   0   0   0   0   0   0   0   0   0   0   0   0 153 255
255 214 153 153 153 153 153 153 153 153 153 153 153 153 214 255
255 255 255 255 255 255 255 255 255 255 255 255 255 255 255 255

255 255 255 255 255 255 255 255 255 255 255 255 255 255 255 255
255 214 153 153 153 153 153 153 153 153 153 153 153 153 214 255
255 153   0   0   0   0   0   0   0   0   0   0   0   0 153 255
255 153   0   0   0   0   0   0   0   0   0   0   0   0 153 255
255 153   0   0   9  48  48  48  48  48  48   9   0   0 153 255
255 153   0   0  48 235 226 201 178 179 234  48   0   0 153 255
255 153   0   0  48 225 218  90 143  80 147  48   0   0 153 255
255 153   0   0  34  90  80  63  86  39  46  37   0   0 153 255
255 153   0   0  39 171 142  88 130  41  48  38   0   0 153 255
255 153   0   0  48 204  77 137 120 113 150  48   0   0 153 255
255 153   0   0  48 234 199 193 212 208 235  48   0   0 153 255
255 153   0   0   9  48  48  48  48  48  48   9   0   0 153 255
255 153   0   0   0   0   0   0   0   0   0   0   0   0 153 255
255 153   0   0   0   0   0   0   0   0   0   0   0   0 153 255
255 214 153 153 153 153 153 153 153 153 153 153 153 153 214 255
255 255 255 255 255 255 255 255 255 255 255 255 255 255 255 255
255 255 255 255 255 255 255 255 255 255 255 255 255 255 255 255
255 214 153 153 153 153 153 153 153 153 153 153 153 153 214 255
255 153   0   0   0   0   0   0   0   0   0   0   0   0 153 255
255 153   0   0   0   0   0   0   0   0   0   0   0   0 153 255
255 153   0   0   9  48  48  48  48  48  48   9   0   0 153 255
255 153   0   0  48 235 226 197 171 175 236  48   0   0 153 255
255 153   0   0  48 226 219  70 131 133 204  48   0   0 153 255
255 153   0   0  33  71  59  40  72 146 166  42   0   0 153 255
255 153   0   0  38 145 148 169 149 122 145  42   0   0 153 255
255 153   0   0  48 190 177 154 159 136 186  48   0   0 153 255
255 153   0   0  48 233 209 211 204 203 236  48   0   0 153 255
255 153   0   0   9  48  48  48  48  48  48   9   0   0 153 255
255 153   0   0   0   0   0   0   0   0   0   0   0   0 153 255
255 153   0   0   0   0   0   0   0   0   0   0   0   0 153 255
255 214 153 153 153 153 153 153 153 153 153 153 153 153 214 255
255 255 255 255 255 255 255 255 255 255 255 255 255 255 255 255
255 255 255 255 255 255 255 255 255 255 255 255 255 255 255 255
255 214 153 153 153 153 153 153 153 153 153 153 153 153 214 255
255 153   0   0   0   0   0   0   0   0   0   0   0   0 153 255
255 153   0   0   0   0   0   0   0   0   0   0   0   0 153 255
255 153   0   0   9  48  48  48  48  48  48   9   0   0 153 255
255 153   0   0  48 235 226 223 219 216 236  48   0   0 153 255
255 153   0   0  48 226 220 201 207 177 190  48   0   0 153 255
255 153   0   0  40 197 195 195 196 168 153  41   0   0 153 255
255 153   0   0  33  18  43 125  58 189 188  41   0   0 153 255
255 153   0   0  48 125 145  53  78  91 220  48   0   0 153 255
255 153   0   0  48 229 184 194 165 172 237  48   0   0 153 255
255 153   0   0   9  48  48  48  48  48  48   9   0   0 153 255
255 153   0   0   0   0   0   0   0   0   0   0   0   0 153 255
255 153   0   0   0   0   0   0   0   0   0   0   0   0 153 255
255 214 153 153 153 153 153 153 153 153 153 153 153 153 214 255
255 255 255 255 255 255 255 255 255 255 255 255 255 255 255 255
